0 0.90390625 0.71875 0.17734375 0.5046875
0 0.1890625 0.609375 0.11484375 0.39921875
0 0.59296875 0.5515625 0.07890625 0.21484375
0 0.34453125 0.64453125 0.16171875 0.51640625
0 0.7765625 0.478125 0.0328125 0.0859375
0 0.84453125 0.48359375 0.03046875 0.09453125
0 0.2859375 0.64296875 0.10703125 0.4625
0 0.6640625 0.4828125 0.025 0.08125
0 0.9328125 0.47109375 0.0296875 0.09375
0 0.0765625 0.69140625 0.13359375 0.52890625
0 0.88984375 0.45234375 0.025 0.05
0 0.08515625 0.6515625 0.1390625 0.5171875