0 0.34140625 0.56328125 0.3015625 0.74296875
0 0.10859375 0.34921875 0.06640625 0.13671875
0 0.2140625 0.32109375 0.06953125 0.10390625
1 0.528125 0.42734375 0.13515625 0.33515625
1 0.5296875 0.25859375 0.0453125 0.03515625
1 0.13828125 0.4515625 0.1078125 0.1265625
1 0.2125 0.56015625 0.14921875 0.17890625
1 0.75078125 0.46171875 0.25625 0.384375
1 0.875 0.47734375 0.2328125 0.45859375
0 0.95390625 0.3703125 0.0921875 0.23203125
0 0.0328125 0.32890625 0.03828125 0.11328125
0 0.5078125 0.45625 0.103125 0.0625