1 0.41953125 0.359375 0.08828125 0.171875
1 0.06640625 0.48671875 0.1328125 0.3046875
1 0.55859375 0.2765625 0.04609375 0.25703125
0 0.65703125 0.2015625 0.0546875 0.121875
1 0.1921875 0.35390625 0.0515625 0.13671875
1 0.81875 0.31640625 0.1203125 0.2078125
1 0.31171875 0.384375 0.0765625 0.16328125
1 0.815625 0.53203125 0.15390625 0.42265625
0 0.615625 0.253125 0.040625 0.1015625
1 0.1609375 0.58515625 0.1609375 0.4296875
1 0.70625 0.2796875 0.04609375 0.25078125
1 0.53984375 0.2296875 0.025 0.13046875
1 0.76953125 0.28125 0.04765625 0.22890625
1 0.87734375 0.7 0.2453125 0.6
1 0.596875 0.75 0.3125 0.5
1 0.66953125 0.32265625 0.08203125 0.23828125
1 0.62265625 0.39296875 0.1140625 0.2203125
1 0.4015625 0.56484375 0.1171875 0.38828125
1 0.2921875 0.31640625 0.03125 0.10546875
1 0.26484375 0.32734375 0.02421875 0.0921875
1 0.23515625 0.42578125 0.04765625 0.1953125
1 0.30234375 0.7171875 0.265625 0.565625
1 0.14453125 0.37734375 0.0328125 0.14296875
1 0.1234375 0.36953125 0.05 0.1734375
1 0.21953125 0.32890625 0.025 0.08359375