1 0.76171875 0.43203125 0.0546875 0.35546875
0 0.603125 0.421875 0.03359375 0.20625
0 0.58203125 0.42890625 0.021875 0.1171875
1 0.653125 0.4234375 0.0234375 0.190625
0 0.6859375 0.40625 0.02734375 0.15625
0 0.71328125 0.4203125 0.0203125 0.128125
1 0.30234375 0.43125 0.025 0.18671875
1 0.2640625 0.4328125 0.02890625 0.2078125
0 0.225 0.44453125 0.05625 0.2640625
0 0.1703125 0.4359375 0.05546875 0.3734375
1 0.1203125 0.4421875 0.06796875 0.4203125
1 0.08515625 0.41875 0.0953125 0.52265625
1 0.0484375 0.4703125 0.096875 0.50625
1 0.8703125 0.40078125 0.12109375 0.60625
1 0.91640625 0.4140625 0.13515625 0.68359375
1 0.43828125 0.42890625 0.040625 0.240625
1 0.36484375 0.421875 0.12265625 0.44765625
1 0.51796875 0.4421875 0.2046875 0.71640625