1 0.54609375 0.7171875 0.1265625 0.540625
1 0.64453125 0.65546875 0.1015625 0.51640625
1 0.234375 0.46015625 0.06484375 0.25078125
1 0.04921875 0.5421875 0.0796875 0.33828125
1 0.196875 0.6625 0.08671875 0.49453125
1 0.153125 0.7296875 0.10625 0.540625
1 0.3453125 0.5234375 0.0515625 0.3
1 0.38828125 0.6796875 0.1125 0.4921875
1 0.39453125 0.746875 0.10390625 0.50625
1 0.73828125 0.43203125 0.053125 0.2125
1 0.796875 0.5421875 0.0890625 0.3328125
1 0.925 0.5546875 0.08203125 0.3921875
1 0.85390625 0.70078125 0.13515625 0.53203125