1 0.621875 0.47734375 0.57734375 0.8703125
1 0.14453125 0.31640625 0.02265625 0.11171875
1 0.61875 0.2921875 0.06796875 0.140625
1 0.10625 0.315625 0.0296875 0.10546875
1 0.08671875 0.31328125 0.0078125 0.05
1 0.05859375 0.315625 0.01953125 0.04609375
1 0.91171875 0.25234375 0.0125 0.04140625
1 0.65625 0.2640625 0.0078125 0.03984375
1 0.64765625 0.259375 0.009375 0.02421875
1 0.68828125 0.2578125 0.00859375 0.02109375
1 0.69609375 0.25390625 0.00546875 0.0125
1 0.47265625 0.55625 0.3421875 0.709375