1 0.0203125 0.459375 0.01953125 0.08359375
1 0.0390625 0.4609375 0.015625 0.07578125
1 0.06171875 0.45703125 0.01796875 0.071875
1 0.1203125 0.4640625 0.0078125 0.06640625
1 0.12734375 0.45625 0.009375 0.071875
1 0.15625 0.459375 0.0109375 0.0703125
1 0.25078125 0.53046875 0.06796875 0.3328125
1 0.2171875 0.44453125 0.0109375 0.059375
1 0.43984375 0.51875 0.0578125 0.2359375
1 0.52421875 0.50859375 0.05 0.22421875
0 0.69609375 0.47109375 0.01484375 0.09609375
0 0.76015625 0.47421875 0.0203125 0.115625
0 0.77734375 0.478125 0.01484375 0.1015625
0 0.8234375 0.47421875 0.02109375 0.109375
0 0.9234375 0.47421875 0.02890625 0.09296875