1 0.33671875 0.334375 0.08046875 0.25625
1 0.790625 0.5640625 0.0546875 0.259375
0 0.37890625 0.4375 0.01953125 0.0421875
0 0.35625 0.4359375 0.01171875 0.0453125
0 0.2765625 0.4171875 0.01796875 0.07421875
0 0.196875 0.428125 0.02890625 0.13515625
0 0.14765625 0.4296875 0.02265625 0.14296875
0 0.0921875 0.403125 0.0390625 0.23671875
0 0.69609375 0.47734375 0.01484375 0.084375
0 0.7171875 0.46953125 0.0125 0.0703125
0 0.73359375 0.471875 0.0078125 0.0609375
0 0.728125 0.471875 0.0078125 0.0609375
0 0.74453125 0.471875 0.0109375 0.06015625
1 0.83203125 0.4796875 0.0078125 0.05859375
0 0.86953125 0.48515625 0.01015625 0.0515625