1 0.134375 0.5609375 0.01953125 0.0890625
1 0.1046875 0.559375 0.02265625 0.09140625
1 0.06953125 0.5578125 0.02109375 0.09453125
1 0.01015625 0.56015625 0.01953125 0.0921875
1 0.0265625 0.56640625 0.02890625 0.121875
1 0.2875 0.5859375 0.03125 0.06796875
1 0.46640625 0.5390625 0.0046875 0.03359375
1 0.47890625 0.5390625 0.0046875 0.03359375
1 0.48359375 0.53984375 0.00625 0.0359375
1 0.49375 0.5375 0.00703125 0.03671875
1 0.49921875 0.53828125 0.0078125 0.0328125
1 0.5109375 0.53828125 0.00546875 0.0375
1 0.5140625 0.5375 0.0046875 0.0328125
1 0.5234375 0.5328125 0.00546875 0.01875
1 0.52734375 0.53203125 0.0046875 0.0125
1 0.53359375 0.52578125 0.00546875 0.0125
1 0.70078125 0.5296875 0.509375 0.940625