1 0.17265625 0.4203125 0.0078125 0.021875
1 0.18125 0.421875 0.0046875 0.025
1 0.18984375 0.42109375 0.00546875 0.02109375
1 0.2 0.4234375 0.0078125 0.02421875
1 0.228125 0.42265625 0.00625 0.0265625
1 0.2703125 0.4234375 0.00703125 0.025
1 0.2875 0.4234375 0.00859375 0.01953125
1 0.3546875 0.428125 0.00625 0.0265625
1 0.45546875 0.4609375 0.01171875 0.06953125
1 0.4125 0.48671875 0.02109375 0.10625
1 0.53125 0.47578125 0.02578125 0.10703125
1 0.64296875 0.478125 0.0328125 0.08203125
1 0.5734375 0.559375 0.096875 0.16953125
1 0.40390625 0.571875 0.115625 0.096875
1 0.259375 0.5421875 0.0578125 0.0859375
1 0.79296875 0.4546875 0.034375 0.15859375
1 0.7703125 0.45234375 0.04765625 0.171875